          10   4.23855262E-08
          20   1.40541474E-07
          30   1.35857476E-07
          40   1.12943162E-07
          50   2.71748519E-07
          60   4.47590480E-07
          70   3.40696687E-07
          80   6.60366652E-07
          90   6.42692100E-07
         100   8.23507378E-07
         110   1.14785416E-06
         120   1.18350283E-06
         130   1.06881760E-06
         140   9.40885059E-07
         150   7.33557158E-07
         160   7.08123821E-07
         170   7.92627134E-07
         180   6.42635484E-07
         190   5.12150564E-07
         200   5.18062450E-07
         210   6.00470457E-07
         220   7.88376894E-07
         230   8.81602148E-07
         240   9.86444434E-07
         250   1.11676422E-06
         260   1.47493597E-06
         270   1.75151240E-06
         280   2.20902780E-06
         290   2.78647599E-06
         300   4.06154822E-06
         310   4.69813131E-06
         320   5.83536257E-06
         330   6.95666949E-06
         340   7.22844243E-06
         350   9.11829920E-06
         360   9.56028907E-06
         370   1.01300157E-05
         380   1.07300621E-05
         390   1.12837761E-05
         400   1.14884770E-05
         410   1.08875547E-05
         420   1.11548306E-05
         430   1.01898695E-05
         440   1.00780044E-05
         450   9.82650636E-06
         460   9.31316117E-06
         470   8.90972478E-06
         480   8.84534347E-06
         490   8.60707951E-06
         500   8.01944771E-06
         510   7.89093974E-06
         520   7.40249834E-06
         530   7.42036082E-06
         540   6.61945523E-06
         550   6.28461294E-06
         560   6.69793599E-06
         570   6.32986803E-06
         580   6.23518781E-06
         590   6.35610149E-06
         600   5.64124730E-06
         610   5.29074305E-06
         620   5.45042212E-06
         630   5.11850840E-06
         640   5.11382450E-06
         650   5.02346393E-06
         660   5.54849839E-06
         670   4.98825739E-06
         680   4.61659374E-06
         690   4.68523967E-06
         700   4.74163880E-06
         710   4.19494381E-06
         720   4.00252247E-06
         730   4.55772806E-06
         740   4.02600926E-06
         750   4.13921634E-06
         760   3.83529868E-06
         770   3.98245675E-06
         780   3.64475318E-06
         790   3.63485924E-06
         800   3.94998460E-06
         810   4.02250498E-06
         820   3.73987245E-06
         830   4.27206714E-06
         840   3.83783481E-06
         850   5.04861327E-06
         860   5.62267542E-06
         870   3.66807649E-06
         880   4.37059180E-06
         890   4.49337495E-06
         900   5.28638793E-06
         910   6.22980406E-06
         920   7.88013585E-06
         930   6.47536217E-06
         940   6.55143140E-06
         950   6.41555198E-06
         960   6.65327116E-06
         970   6.83565713E-06
         980   7.33674051E-06
         990   7.18791171E-06
        1000   7.37530127E-06
        1010   7.77670539E-06
        1020   9.44747444E-06
        1030   1.05541421E-05
        1040   1.11672280E-05
        1050   1.16674573E-05
        1060   1.08769627E-05
        1070   1.25815568E-05
        1080   1.11381660E-05
        1090   1.30384133E-05
        1100   1.23998516E-05
        1110   1.34011179E-05
        1120   1.37822308E-05
        1130   1.25151710E-05
        1140   1.58352486E-05
        1150   1.64661560E-05
        1160   1.52608882E-05
        1170   1.56935548E-05
        1180   1.50788992E-05
        1190   1.84822129E-05
        1200   1.75312507E-05
        1210   1.76409631E-05
        1220   1.72977961E-05
        1230   2.06927070E-05
        1240   1.80277766E-05
        1250   1.99289188E-05
        1260   2.02982501E-05
        1270   1.99929927E-05
        1280   2.16741264E-05
        1290   2.06403183E-05
        1300   2.38283119E-05
        1310   2.30016085E-05
        1320   2.33213868E-05
        1330   2.22829403E-05
        1340   2.14691026E-05
        1350   2.37301902E-05
        1360   2.21658684E-05
        1370   2.40218305E-05
        1380   2.67897904E-05
        1390   2.90807111E-05
        1400   2.81834200E-05
        1410   2.39688598E-05
        1420   2.43049726E-05
        1430   2.70500768E-05
        1440   2.68484127E-05
        1450   3.14513782E-05
        1460   3.21012594E-05
        1470   3.24198118E-05
        1480   3.54288422E-05
        1490   3.45560475E-05
        1500   3.38398386E-05
        1510   3.04274836E-05
        1520   3.34962933E-05
        1530   3.20410218E-05
        1540   3.29592694E-05
        1550   3.90843888E-05
        1560   3.74677184E-05
        1570   4.13774178E-05
        1580   4.09437926E-05
        1590   4.26222468E-05
        1600   4.38793722E-05
        1610   3.97620533E-05
        1620   3.86624524E-05
        1630   4.15233844E-05
        1640   4.09110980E-05
        1650   4.30152286E-05
        1660   4.68882536E-05
        1670   5.00106544E-05
        1680   5.26115837E-05
        1690   5.27135089E-05
        1700   5.69408621E-05
        1710   5.66083945E-05
        1720   6.01574247E-05
        1730   5.61074812E-05
        1740   5.43609713E-05
        1750   5.43942260E-05
        1760   5.24139541E-05
        1770   5.03103511E-05
        1780   5.26089825E-05
        1790   5.68725336E-05
        1800   5.64661677E-05
        1810   6.14527016E-05
        1820   6.38177080E-05
        1830   6.81103775E-05
        1840   7.27262741E-05
        1850   7.54708890E-05
        1860   8.10703714E-05
        1870   8.35424507E-05
        1880   8.14894156E-05
        1890   8.21183858E-05
        1900   8.65988914E-05
        1910   8.75402693E-05
        1920   8.14569721E-05
        1930   8.27683034E-05
        1940   7.73487554E-05
        1950   7.57124071E-05
        1960   7.67547826E-05
        1970   7.70248298E-05
        1980   7.65795994E-05
        1990   8.25488241E-05
        2000   8.26192409E-05
        2010   9.20669772E-05
        2020   9.24507840E-05
        2030   9.99796612E-05
        2040   1.04556391E-04
        2050   1.11407309E-04
        2060   1.14466638E-04
        2070   1.18988224E-04
        2080   1.28808664E-04
        2090   1.30913162E-04
        2100   1.33203648E-04
        2110   1.36176241E-04
        2120   1.39706739E-04
        2130   1.44758669E-04
        2140   1.46318358E-04
        2150   1.42185134E-04
        2160   1.42100878E-04
        2170   1.40083896E-04
        2180   1.35309514E-04
        2190   1.32840913E-04
        2200   1.28839660E-04
        2210   1.29757609E-04
        2220   1.25748164E-04
        2230   1.26391154E-04
        2240   1.27136271E-04
        2250   1.32963978E-04
        2260   1.33069785E-04
        2270   1.38944743E-04
        2280   1.43003606E-04
        2290   1.45710583E-04
        2300   1.50406588E-04
        2310   1.62910830E-04
        2320   1.65384976E-04
        2330   1.78172530E-04
        2340   1.85420300E-04
        2350   1.93129570E-04
        2360   1.97166548E-04
        2370   2.05490360E-04
        2380   2.18813482E-04
        2390   2.21455339E-04
        2400   2.28889665E-04
        2410   2.39597546E-04
        2420   2.45089090E-04
        2430   2.52869941E-04
        2440   2.59810302E-04
        2450   2.64794042E-04
        2460   2.66431976E-04
        2470   2.69730430E-04
        2480   2.76197447E-04
        2490   2.80609907E-04
        2500   2.83832807E-04
        2510   2.84458773E-04
        2520   2.79996893E-04
        2530   2.80611392E-04
        2540   2.75816914E-04
        2550   2.78629508E-04
        2560   2.75138096E-04
        2570   2.67491880E-04
        2580   2.64334376E-04
        2590   2.52196682E-04
        2600   2.45791569E-04
        2610   2.46469222E-04
        2620   2.45953561E-04
        2630   2.41375004E-04
        2640   2.40369714E-04
        2650   2.36366832E-04
        2660   2.38068169E-04
        2670   2.45675503E-04
        2680   2.44759925E-04
        2690   2.47548509E-04
        2700   2.53187551E-04
        2710   2.58988555E-04
        2720   2.67855765E-04
        2730   2.71274010E-04
        2740   2.77364888E-04
        2750   2.93197285E-04
        2760   3.00432264E-04
        2770   3.11157579E-04
        2780   3.24025197E-04
        2790   3.39653983E-04
        2800   3.46443790E-04
        2810   3.61512066E-04
        2820   3.72036739E-04
        2830   3.89062770E-04
        2840   4.03620506E-04
        2850   4.14421927E-04
        2860   4.30811051E-04
        2870   4.41603450E-04
        2880   4.62119700E-04
        2890   4.77256108E-04
        2900   4.92419058E-04
        2910   5.07354445E-04
        2920   5.15052408E-04
        2930   5.30021440E-04
        2940   5.49214368E-04
        2950   5.61379828E-04
        2960   5.76305029E-04
        2970   5.86946204E-04
        2980   5.99887047E-04
        2990   6.15404977E-04
        3000   6.26027817E-04
        3010   6.36960904E-04
        3020   6.53181400E-04
        3030   6.55617623E-04
        3040   6.71327463E-04
        3050   6.78683573E-04
        3060   6.89332606E-04
        3070   6.98834541E-04
        3080   7.04593665E-04
        3090   7.10734166E-04
        3100   7.19815667E-04
        3110   7.22090947E-04
        3120   7.24663667E-04
        3130   7.34418980E-04
        3140   7.40730262E-04
        3150   7.34238711E-04
        3160   7.37486989E-04
        3170   7.43011071E-04
        3180   7.40582764E-04
        3190   7.44937861E-04
        3200   7.32989109E-04
        3210   7.33041728E-04
        3220   7.28370040E-04
        3230   7.22959463E-04
        3240   7.19330390E-04
        3250   7.05339538E-04
        3260   6.97205774E-04
        3270   6.94037415E-04
        3280   6.83943916E-04
        3290   6.70885085E-04
        3300   6.56165066E-04
        3310   6.40762271E-04
        3320   6.32791605E-04
        3330   6.23577624E-04
        3340   6.07024820E-04
        3350   5.99466497E-04
        3360   5.97633072E-04
        3370   5.89720847E-04
        3380   5.75538259E-04
        3390   5.78422972E-04
        3400   5.68226154E-04
        3410   5.66008966E-04
        3420   5.67155890E-04
        3430   5.63363719E-04
        3440   5.67810843E-04
        3450   5.63487876E-04
        3460   5.58543019E-04
        3470   5.63349284E-04
        3480   5.74230216E-04
        3490   5.79308602E-04
        3500   5.82912646E-04
        3510   5.87087648E-04
        3520   5.88240102E-04
        3530   6.01821812E-04
        3540   6.07729249E-04
        3550   6.21154730E-04
        3560   6.26335561E-04
        3570   6.43251115E-04
        3580   6.57451921E-04
        3590   6.75382908E-04
        3600   6.95413561E-04
        3610   7.15242117E-04
        3620   7.30873959E-04
        3630   7.52159453E-04
        3640   7.75944442E-04
        3650   7.91075989E-04
        3660   8.15001666E-04
        3670   8.37981468E-04
        3680   8.61328444E-04
        3690   8.92679265E-04
        3700   9.14699107E-04
        3710   9.39829100E-04
        3720   9.71111120E-04
        3730   9.98110627E-04
        3740   1.02364272E-03
        3750   1.04801392E-03
        3760   1.08183816E-03
        3770   1.10689655E-03
        3780   1.14072394E-03
        3790   1.17403048E-03
        3800   1.20570173E-03
        3810   1.23380905E-03
        3820   1.26657670E-03
        3830   1.30139675E-03
        3840   1.32915366E-03
        3850   1.36211910E-03
        3860   1.39655464E-03
        3870   1.42961938E-03
        3880   1.46190927E-03
        3890   1.49686437E-03
        3900   1.53659680E-03
        3910   1.57035876E-03
        3920   1.61218923E-03
        3930   1.63999398E-03
        3940   1.68165471E-03
        3950   1.72142906E-03
        3960   1.74850668E-03
        3970   1.78828486E-03
        3980   1.82270037E-03
        3990   1.86076458E-03
        4000   1.90201134E-03
        4010   1.94105133E-03
        4020   1.97136658E-03
        4030   2.01136013E-03
        4040   2.04476691E-03
        4050   2.08870322E-03
        4060   2.12035980E-03
        4070   2.15916755E-03
        4080   2.19750940E-03
        4090   2.23533693E-03
        4100   2.27525737E-03
        4110   2.30929651E-03
        4120   2.34862743E-03
        4130   2.37911986E-03
        4140   2.42609205E-03
        4150   2.46161409E-03
        4160   2.48945667E-03
        4170   2.53215525E-03
        4180   2.56411429E-03
        4190   2.59974133E-03
        4200   2.64065643E-03
        4210   2.67970213E-03
        4220   2.71488749E-03
        4230   2.74052913E-03
        4240   2.78703240E-03
        4250   2.81930529E-03
        4260   2.85588857E-03
        4270   2.88454350E-03
        4280   2.92059174E-03
        4290   2.95387371E-03
        4300   2.98505719E-03
        4310   3.02580581E-03
        4320   3.05088097E-03
        4330   3.08704656E-03
        4340   3.12243006E-03
        4350   3.14582558E-03
        4360   3.17765377E-03
        4370   3.21005075E-03
        4380   3.24166589E-03
        4390   3.27136088E-03
        4400   3.29747610E-03
        4410   3.32941767E-03
        4420   3.36550851E-03
        4430   3.39273713E-03
        4440   3.41654057E-03
        4450   3.44952964E-03
        4460   3.47166089E-03
        4470   3.50194331E-03
        4480   3.52313346E-03
        4490   3.55686783E-03
        4500   3.57981375E-03
        4510   3.60108004E-03
        4520   3.62072163E-03
        4530   3.64975212E-03
        4540   3.67210875E-03
        4550   3.69225233E-03
        4560   3.71306692E-03
        4570   3.73190199E-03
        4580   3.75283440E-03
        4590   3.78302531E-03
        4600   3.79610481E-03
        4610   3.80730978E-03
        4620   3.83695983E-03
        4630   3.84478760E-03
        4640   3.85316368E-03
        4650   3.87586514E-03
        4660   3.89676727E-03
        4670   3.90788680E-03
        4680   3.92258447E-03
        4690   3.93809518E-03
        4700   3.94706894E-03
        4710   3.94898513E-03
        4720   3.96122178E-03
        4730   3.97046749E-03
        4740   3.97957535E-03
        4750   3.98540776E-03
        4760   4.00384981E-03
        4770   4.01257956E-03
        4780   4.01166268E-03
        4790   4.02103364E-03
        4800   4.02920553E-03
        4810   4.02841438E-03
        4820   4.02083294E-03
        4830   4.03083349E-03
        4840   4.02817503E-03
        4850   4.03373083E-03
        4860   4.01912443E-03
        4870   4.02584160E-03
        4880   4.02884278E-03
        4890   4.02302900E-03
        4900   4.01442545E-03
        4910   4.00084117E-03
        4920   4.00080578E-03
        4930   3.99445463E-03
        4940   3.99080245E-03
        4950   3.97605216E-03
        4960   3.96562368E-03
        4970   3.95025779E-03
        4980   3.94332083E-03
        4990   3.93401133E-03
        5000   3.92461987E-03
