          10   6.17283769E-02
          20   2.77013071E-02
          30   1.78365149E-02
          40   1.31481541E-02
          50   1.04099959E-02
          60   8.61625094E-03
          70   7.35073723E-03
          80   6.40622340E-03
          90   5.67980902E-03
         100   5.09762112E-03
         110   4.62594116E-03
         120   4.23157401E-03
         130   3.90435383E-03
         140   3.62837710E-03
         150   3.37878941E-03
         160   3.16377776E-03
         170   2.97913072E-03
         180   2.80715222E-03
         190   2.65770545E-03
         200   2.52748351E-03
         210   2.41222954E-03
         220   2.29935092E-03
         230   2.20135530E-03
         240   2.10526329E-03
         250   2.02269084E-03
         260   1.94954372E-03
         270   1.88658759E-03
         280   1.82444626E-03
         290   1.76157313E-03
         300   1.71097589E-03
         310   1.65741623E-03
         320   1.60935894E-03
         330   1.58994726E-03
         340   1.53993093E-03
         350   1.49232149E-03
         360   1.44368038E-03
         370   1.40192790E-03
         380   1.36408908E-03
         390   1.33007683E-03
         400   1.29822991E-03
         410   1.24348118E-03
         420   1.20197469E-03
         430   1.17641501E-03
         440   1.14663807E-03
         450   1.12132856E-03
         460   1.08316971E-03
         470   1.07767701E-03
         480   1.05168601E-03
         490   1.03389251E-03
         500   1.00555888E-03
         510   9.93240392E-04
         520   9.75530245E-04
         530   9.58891120E-04
         540   9.28576745E-04
         550   9.10948322E-04
         560   8.90386174E-04
         570   8.80087551E-04
         580   8.69246956E-04
         590   8.52780417E-04
         600   8.48375785E-04
         610   8.32241494E-04
         620   8.20134825E-04
         630   8.06436641E-04
         640   8.00937356E-04
         650   7.79929105E-04
         660   7.55093351E-04
         670   7.33477820E-04
         680   7.28577492E-04
         690   7.28759973E-04
         700   7.26768514E-04
         710   7.06730178E-04
         720   6.99641358E-04
         730   6.90912420E-04
         740   6.90814049E-04
         750   6.84899394E-04
         760   6.78419485E-04
         770   6.57559896E-04
         780   6.51325448E-04
         790   6.64504885E-04
         800   6.36276556E-04
         810   6.19438826E-04
         820   6.41119666E-04
         830   6.12730335E-04
         840   6.36068988E-04
         850   6.18353719E-04
         860   6.13774231E-04
         870   6.24088221E-04
         880   6.11233991E-04
         890   6.23608474E-04
         900   6.17100392E-04
         910   5.93981880E-04
         920   6.13721670E-04
         930   5.38239605E-04
         940   5.97166771E-04
         950   5.43909089E-04
         960   5.76387451E-04
         970   5.88680035E-04
         980   4.91886982E-04
         990   5.83048793E-04
        1000   5.74395643E-04
        1010   4.92744264E-04
        1020   5.86604816E-04
        1030   5.83932619E-04
        1040   4.86414647E-04
        1050   5.73228754E-04
        1060   6.02468848E-04
        1070   5.44205192E-04
        1080   4.87828045E-04
        1090   5.76837279E-04
        1100   5.80143591E-04
        1110   5.00608410E-04
        1120   4.69566236E-04
        1130   5.59282023E-04
        1140   5.76340186E-04
        1150   5.11727878E-04
        1160   4.03471873E-04
        1170   5.32489794E-04
        1180   5.91746124E-04
        1190   5.81862463E-04
        1200   4.96269669E-04
        1210   3.75290954E-04
        1220   5.10770071E-04
        1230   5.83323883E-04
        1240   5.86741895E-04
        1250   5.28883887E-04
        1260   4.02430102E-04
        1270   3.98219534E-04
        1280   5.24818373E-04
        1290   5.91473188E-04
        1300   6.00362371E-04
        1310   5.48126583E-04
        1320   4.34312766E-04
        1330   2.60345172E-04
        1340   4.25452454E-04
        1350   5.40961686E-04
        1360   5.99976862E-04
        1370   6.09470590E-04
        1380   5.64946793E-04
        1390   4.65995778E-04
        1400   3.11039126E-04
        1410   3.06385977E-04
        1420   4.68662649E-04
        1430   5.87070943E-04
        1440   6.54691015E-04
        1450   6.81491278E-04
        1460   6.54315867E-04
        1470   5.79979154E-04
        1480   4.60126816E-04
        1490   2.87184725E-04
        1500   2.44658964E-04
        1510   4.26488958E-04
        1520   5.70957840E-04
        1530   6.72748021E-04
        1540   7.34267989E-04
        1550   7.59503571E-04
        1560   7.35815906E-04
        1570   6.75600313E-04
        1580   5.68524119E-04
        1590   4.21685429E-04
        1600   2.30747813E-04
        1610   1.36848394E-04
        1620   3.42732237E-04
        1630   5.19479101E-04
        1640   6.56155113E-04
        1650   7.62975658E-04
        1660   8.33864964E-04
        1670   8.70031188E-04
        1680   8.69853131E-04
        1690   8.31784273E-04
        1700   7.61068368E-04
        1710   6.49671361E-04
        1720   5.05311298E-04
        1730   3.16410384E-04
        1740   9.34658165E-05
        1750   4.53353605E-05
        1760   2.75268423E-04
        1770   4.76246729E-04
        1780   6.53418596E-04
        1790   8.03814270E-04
        1800   9.20810679E-04
        1810   1.01322774E-03
        1820   1.07402238E-03
        1830   1.10730424E-03
        1840   1.11019134E-03
        1850   1.08480721E-03
        1860   1.02650782E-03
        1870   9.38319194E-04
        1880   8.16807908E-04
        1890   6.64583640E-04
        1900   4.86500154E-04
        1910   2.74266844E-04
        1920   3.96977448E-05
        1930   1.93614382E-04
        1940   7.51976768E-05
        1950   3.23154731E-04
        1960   5.52642392E-04
        1970   7.58234004E-04
        1980   9.39482241E-04
        1990   1.10427081E-03
        2000   1.24108628E-03
        2010   1.36340829E-03
        2020   1.45247101E-03
        2030   1.52734201E-03
        2040   1.57331210E-03
        2050   1.59992871E-03
        2060   1.59579120E-03
        2070   1.57193292E-03
        2080   1.53024762E-03
        2090   1.45496638E-03
        2100   1.35519414E-03
        2110   1.23202126E-03
        2120   1.08641048E-03
        2130   9.15161218E-04
        2140   7.18137773E-04
        2150   4.89769445E-04
        2160   2.39799614E-04
        2170   5.73067518E-05
        2180   3.43414256E-04
        2190   4.10005421E-04
        2200   1.04657433E-04
        2210   1.89217142E-04
        2220   4.61585500E-04
        2230   7.22549448E-04
        2240   9.63772938E-04
        2250   1.19496777E-03
        2260   1.40308065E-03
        2270   1.60020113E-03
        2280   1.77795405E-03
        2290   1.93785084E-03
        2300   2.08079303E-03
        2310   2.21504294E-03
        2320   2.32107262E-03
        2330   2.42212438E-03
        2340   2.49935966E-03
        2350   2.55774031E-03
        2360   2.59564305E-03
        2370   2.62177805E-03
        2380   2.63281935E-03
        2390   2.61534168E-03
        2400   2.58579943E-03
        2410   2.54099118E-03
        2420   2.47411290E-03
        2430   2.39031715E-03
        2440   2.28726328E-03
        2450   2.16508796E-03
        2460   2.01851781E-03
        2470   1.85683626E-03
        2480   1.67802698E-03
        2490   1.48095319E-03
        2500   1.26262696E-03
        2510   1.02259521E-03
        2520   7.59339950E-04
        2530   4.81125404E-04
        2540   1.94236840E-04
        2550   1.39248135E-04
        2560   4.77497117E-04
        2570   8.40745750E-04
        2580   1.22259697E-03
        2590   1.00929243E-03
        2600   6.47695502E-04
        2610   2.89079413E-04
        2620   1.35764218E-04
        2630   3.90746922E-04
        2640   7.15388742E-04
        2650   1.02560152E-03
        2660   1.33289397E-03
        2670   1.63396972E-03
        2680   1.91542611E-03
        2690   2.18784669E-03
        2700   2.45520589E-03
        2710   2.70785089E-03
        2720   2.95334030E-03
        2730   3.18286754E-03
        2740   3.40295373E-03
        2750   3.62142897E-03
        2760   3.82095017E-03
        2770   4.00936883E-03
        2780   4.19037603E-03
        2790   4.36352612E-03
        2800   4.51650610E-03
        2810   4.66555962E-03
        2820   4.79980325E-03
        2830   4.92752716E-03
        2840   5.04042488E-03
        2850   5.14029898E-03
        2860   5.23268012E-03
        2870   5.30969212E-03
        2880   5.38218673E-03
        2890   5.43924235E-03
        2900   5.48392255E-03
        2910   5.51741011E-03
        2920   5.53055061E-03
        2930   5.53891994E-03
        2940   5.54192672E-03
        2950   5.52436383E-03
        2960   5.49725629E-03
        2970   5.45499008E-03
        2980   5.40251145E-03
        2990   5.34035824E-03
        3000   5.26136532E-03
        3010   5.16907638E-03
        3020   5.07187098E-03
        3030   4.94769728E-03
        3040   4.82398318E-03
        3050   4.68066568E-03
        3060   4.52719443E-03
        3070   4.36104555E-03
        3080   4.17667720E-03
        3090   3.98398144E-03
        3100   3.77705134E-03
        3110   3.55401682E-03
        3120   3.31752677E-03
        3130   3.07337428E-03
        3140   2.81414902E-03
        3150   2.53040856E-03
        3160   2.24108947E-03
        3170   1.94310735E-03
        3180   1.62308186E-03
        3190   1.29676645E-03
        3200   9.41066071E-04
        3210   6.06013346E-04
        3220   3.67178553E-04
        3230   2.96886807E-04
        3240   5.88443829E-04
        3250   1.01401063E-03
        3260   1.44832407E-03
        3270   1.89252547E-03
        3280   2.36017630E-03
        3290   2.84381770E-03
        3300   3.34337051E-03
        3310   3.85899656E-03
        3320   3.47203435E-03
        3330   2.99408636E-03
        3340   2.52688141E-03
        3350   2.05727364E-03
        3360   1.58614432E-03
        3370   1.12389878E-03
        3380   6.77017088E-04
        3390   3.50780087E-04
        3400   4.18485957E-04
        3410   6.73558330E-04
        3420   1.12029782E-03
        3430   1.55339076E-03
        3440   1.99445337E-03
        3450   2.41665286E-03
        3460   2.83630891E-03
        3470   3.25935590E-03
        3480   3.68483388E-03
        3490   4.09726892E-03
        3500   4.50509461E-03
        3510   4.90677776E-03
        3520   5.29788993E-03
        3530   5.69949020E-03
        3540   6.08779397E-03
        3550   6.47636130E-03
        3560   6.84930058E-03
        3570   7.23105669E-03
        3580   7.60054216E-03
        3590   7.96928816E-03
        3600   8.33459478E-03
        3610   8.69310834E-03
        3620   9.04297177E-03
        3630   9.39394906E-03
        3640   9.74182505E-03
        3650   1.00747766E-02
        3660   1.04107140E-02
        3670   1.07401069E-02
        3680   1.10644242E-02
        3690   1.13913529E-02
        3700   1.17037753E-02
        3710   1.20135751E-02
        3720   1.23249814E-02
        3730   1.26244798E-02
        3740   1.29185459E-02
        3750   1.32051455E-02
        3760   1.34962257E-02
        3770   1.37732411E-02
        3780   1.40532553E-02
        3790   1.43267605E-02
        3800   1.45923840E-02
        3810   1.48504740E-02
        3820   1.51075087E-02
        3830   1.53596401E-02
        3840   1.56004718E-02
        3850   1.58406552E-02
        3860   1.60772484E-02
        3870   1.63063593E-02
        3880   1.65297929E-02
        3890   1.67501681E-02
        3900   1.69688743E-02
        3910   1.71769131E-02
        3920   1.73866022E-02
        3930   1.75761245E-02
        3940   1.77752357E-02
        3950   1.79666579E-02
        3960   1.81398634E-02
        3970   1.83193944E-02
        3980   1.84881277E-02
        3990   1.86560061E-02
        4000   1.88206825E-02
        4010   1.89774390E-02
        4020   1.91198196E-02
        4030   1.92669798E-02
        4040   1.93993691E-02
        4050   1.95401199E-02
        4060   1.96620543E-02
        4070   1.97840240E-02
        4080   1.99006591E-02
        4090   2.00125277E-02
        4100   2.01172177E-02
        4110   2.02123541E-02
        4120   2.03087777E-02
        4130   2.03895625E-02
        4140   2.04820056E-02
        4150   2.05532461E-02
        4160   2.06152275E-02
        4170   2.06837151E-02
        4180   2.07375325E-02
        4190   2.07880978E-02
        4200   2.08404548E-02
        4210   2.08819639E-02
        4220   2.09146179E-02
        4230   2.09333561E-02
        4240   2.09655780E-02
        4250   2.09813919E-02
        4260   2.09907275E-02
        4270   2.09898409E-02
        4280   2.09878087E-02
        4290   2.09792871E-02
        4300   2.09627990E-02
        4310   2.09490471E-02
        4320   2.09114254E-02
        4330   2.08843946E-02
        4340   2.08455380E-02
        4350   2.07908414E-02
        4360   2.07384825E-02
        4370   2.06809491E-02
        4380   2.06170790E-02
        4390   2.05449518E-02
        4400   2.04658750E-02
        4410   2.03820523E-02
        4420   2.02974938E-02
        4430   2.01965906E-02
        4440   2.00897753E-02
        4450   1.99861061E-02
        4460   1.98613126E-02
        4470   1.97408833E-02
        4480   1.96049735E-02
        4490   1.94762740E-02
        4500   1.93314552E-02
        4510   1.91760827E-02
        4520   1.90143418E-02
        4530   1.88542269E-02
        4540   1.86839309E-02
        4550   1.85022932E-02
        4560   1.83172897E-02
        4570   1.81235839E-02
        4580   1.79207865E-02
        4590   1.77264418E-02
        4600   1.75071154E-02
        4610   1.72803830E-02
        4620   1.70628279E-02
        4630   1.68196801E-02
        4640   1.65701993E-02
        4650   1.63258929E-02
        4660   1.60783641E-02
        4670   1.58072263E-02
        4680   1.55387772E-02
        4690   1.52623625E-02
        4700   1.49727473E-02
        4710   1.46706598E-02
        4720   1.43700838E-02
        4730   1.40609490E-02
        4740   1.37456348E-02
        4750   1.34170726E-02
        4760   1.30958464E-02
        4770   1.27602983E-02
        4780   1.24045145E-02
        4790   1.20527232E-02
        4800   1.16949175E-02
        4810   1.13210734E-02
        4820   1.09317433E-02
        4830   1.05516072E-02
        4840   1.01525420E-02
        4850   9.75632295E-03
        4860   9.33045521E-03
        4870   8.91781505E-03
        4880   8.49624723E-03
        4890   8.05947371E-03
        4900   7.61002302E-03
        4910   7.15112872E-03
        4920   6.69443747E-03
        4930   6.22523855E-03
        4940   5.75102307E-03
        4950   5.26056532E-03
        4960   4.76632826E-03
        4970   4.25468665E-03
        4980   3.76926479E-03
        4990   3.38369422E-03
        5000   3.05785146E-03
